
r1<-c( 0     , 0     , 0     , 0     , 127   , 4     , 80    )
r2<-c( 0.6747, 0.7370, 0     , 0     , 0     , 0     , 0     )
r3<-c( 0     , 0.0486, 0.6610, 0     , 0     , 0     , 0     )
r4<-c( 0     , 0     , 0.0147, 0.6907, 0     , 0     , 0     )
r5<-c( 0     , 0     , 0     , 0.0518, 0     , 0     , 0     )
r6<-c( 0     , 0     , 0     , 0     , 0.8091, 0     , 0     )
r7<-c( 0     , 0     , 0     , 0     , 0     , 0.8091, 0.8091)
